0.29876
0.32445
0.32275
0.35811
0.35982
0.24421
0.18477
0.20828
0.23625
0.22005
0.19566
0.16464
0.13772
0.082151
0.030672
0.12166
0.18295
0.15657
0.14241
0.185
0.20973
0.21274
0.20535
0.19318
0.18042
0.18267
0.18198
0.16817
0.15563
0.15893
0.16493
0.14904
0.13539
0.16669
0.20845
0.18611
0.16695
0.15956
0.14392
0.10737
0.07857
0.08272
0.10131
0.15609
0.21982
0.27482
0.29302
0.24944
0.20322
0.18977
0.17454
0.19119
0.21055
0.18756
0.1489
0.13571
0.12564
0.12806
0.13855
0.15836
0.1757
0.19509
0.18724
0.11419
0.062566
0.12348
0.18485
0.20694
0.22528
0.22422
0.21342
0.21874
0.23105
0.20905
0.20532
0.21177
0.21757
0.21294
0.20185
0.19028
0.18451
0.19017
0.1979
0.18082
0.16908
0.2103
0.26627
0.29853
0.30228
0.28545
0.24918
0.19941
0.1734
0.18852
0.21007
0.23224
0.24333
0.23204
0.21663
0.21456
0.21374
0.19571
0.17616
0.18923
0.20242
0.19912
0.1881
0.17817
0.16277
0.15137
0.15478
0.20146
0.27951
0.43981
0.61892
0.72216
0.76719
0.70525
0.60542
0.51056
0.4646
0.47952
0.50235
0.49444
0.49956
0.53819
0.575
0.55414
0.52679
0.53572
0.55391
0.56582
0.55684
0.53612
0.51977
0.50826
0.48384
0.44075
0.41607
0.45888
0.5221
0.55871
0.57367
0.56841
0.51983
0.46036
0.46096
0.48756
0.50888
0.51377
0.51443
0.4856
0.46298
0.43506
0.41849
0.42469
0.47119
0.46599
0.43489
0.39214
0.35552
0.33699
0.33321
0.35186
0.36937
0.3512
0.28585
0.22801
0.31715
0.39191
0.42824
0.39873
0.34961
0.37048
0.38398
0.3937
0.41286
0.43509
0.44461
0.42707
0.3987
0.37892
0.37559
0.38881
0.41368
0.46161
0.50507
0.50752
0.4808
0.43904
0.37662
0.31087
0.24475
0.21902
0.20384
0.18591
0.17991
0.18707
0.18889
0.15998
0.12721
0.13335
0.16376
0.21536
0.27627
0.34677
0.40101
0.4327
0.43097
0.40501
0.37545
0.33114
0.29319
0.23952
0.18827
0.20615
0.23733
0.1784
0.12084
0.18699
0.22917
0.24924
0.25743
0.24753
0.25191
0.30035
0.35351
0.34657
0.30686
0.30009
0.3026
0.26377
0.21789
0.00048324
0.3053
0.33324
0.4489
0.565
0.66207
0.72017
0.71827
0.65886
0.57099
0.50624
0.497
0.49436
0.4862
0.47119
0.46863
0.47167
0.56383
0.63629
0.68294
0.688
0.67438
0.67395
0.71008
0.76838
0.82541
0.89906
0.96441
0.99466
1
0.99528
0.96427
0.89454
0.81293
0.75028
0.73325
0.70457
0.67157
0.65809
0.65212
0.63694
0.61304
0.58393
0.55226
0.54274
0.52176
0.48259
0.44134
0.43344
0.4642
0.5391
0.60104
0.58609
0.475
0.36218
0.42204
0.49328
0.5279
0.54558
0.6024
0.64521
0.6401
0.55246
0.46414
0.50308
0.51821
0.48941
0.44038
0.38116
0.35132
0.43574
0.56454
0.61881
0.61653
0.57634
0.55689
0.57674
0.60209
0.59743
0.56497
0.52392
0.48222
0.46565
0.46946
0.44094
0.39845
0.32525
0.29029
0.34441
0.42872
0.47511
0.47889
0.45783
0.44109
0.42818
0.40086
0.33699
0.2962
0.32173
0.35172
0.34751
0.37977
0.40439
0.41127
0.37329
0.30399
0.33455
0.42451
0.42562
0.42233
0.41442
0.41349
0.41422
0.41923
0.43031
0.44222
0.43896
0.41803
0.36246
0.27457
0.16567
0.16706
0.13414
0.10071
0.23858
0.36385
0.37684
0.36147
0.3634
0.37585
0.38671
0.39973
0.4041
0.39737
0.3912
0.37574
0.34509
0.2983
0.25962
0.24091
0.27462
0.30851
0.29506
0.28557
0.32411
0.37215
0.36371
0.318
0.30632
0.29231
0.27602
0.2678
0.25527
0.22636
0.17891
0.15199
0.17726
0.19625
0.18693
0.1823
0.20407
0.23056
0.2427
0.24247
0.24631
0.2516
0.2369
0.22317
0.29665
0.34742
0.37682
0.35879
0.32662
0.2674
0.21615
0.18912
0.15208
0.13576
0.15404
0.19171
0.22926
0.25231
0.25882
0.24475
0.22002
0.20484
0.21436
0.23244
0.24293
0.25296
0.27983
0.3053
0.30413
0.29736
0.29435
0.29222
0.27269
0.24151
0.21447
0.18841
0.16643
0.15472
0.19321
0.23997
0.24589
0.25572
0.28076
0.2927
0.28761
0.26647
0.24313
0.22752
0.24853
0.25765
0.24938
0.23602
0.23966
0.2489
0.2269
0.20313
0.21959
0.23957
0.25157
0.2701
0.3184
0.3497
0.34049
0.28449
0.25913
0.25274
0.28614
0.28534
0.26197
0.23105
0.14489
0.081867
0.12345
0.19804
0.25399
0.27383
0.23682
0.21129
0.22064
0.2381
0.25788
0.26635
0.2728
0.26871
0.26624
0.25785
0.24992
0.24131
0.2346
0.23102
0.24083
0.26064
0.26587
0.25979
0.20842
0.1703
0.16814
0.1709
0.17323
0.16464
0.12405
0.022883
0.065579
0.13144
0.22457
0.27934
0.23653
0.22994
0.24046
0.24677
0.23369
0.18966
0.14597
0.13738
0.17252
0.1983
0.20353
0.2126
0.24247
0.26897
0.28275
0.2819
0.26223
0.24128
0.24887
0.26217
0.26288
0.26203
0.26814
0.24773
0.20322
0.17684
0.17758
0.18508
0.18628
0.18144
0.17311
0.16572
0.1734
0.18124
0.18383
0.17812
0.20146
0.20404
0.13491
0.071207
0.097501
0.13869
0.22138
0.28423
0.28184
0.25586
0.23071
0.19489
0.16552
0.15015
0.16922
0.19546
0.21612
0.23446
0.26371
0.28412
0.29023
0.26652
0.19736
0.055743
0.033884
0.036044
0.11817
0.19563
0.23903
0.25106
0.23818
0.22596
0.23011
0.2261
0.24418
0.27778
0.168
0.059098
0.095
0.12064
0.1697
0.22189
0.23531
0.21052
0.19202
0.1713
0.14264
0.11743
0.11552
0.12797
0.16083
0.18073
0.18915
0.18798
0.19341
0.19873
0.20271
0.189
0.13872
0.081412
0.083857
0.10717
0.15228
0.16643
0.15708
0.14736
0.16186
0.17718
0.18696
0.19412
0.20484
0.2178
0.18318
0.13605
0.15555
0.18028
0.19239
0.19679
0.1902
0.17718
0.19688
0.22837
0.27676
0.29523
0.25868
0.21538
0.18335
0.14625
0.11908
0.085818
0.013616
0.00031269
0.0755
0.13349
0.1813
0.21888
0.26001
0.27454
0.27491
0.2684
0.26718
0.26993
0.26644
0.27266
0.27212
0.27801
0.27559
0.25919
0.20416
0.11982
0.17073
0.263
0.19543
0.15424
0.15973
0.16891
0.19955
0.23028
0.17695
0.14034
0.12925
0.13224
0.14179
0.14875
0.15029
0.14736
0.14455
0.14301
0.13991
0.13642
0.134
0.13002
0.13451
0.13878
0.1361
0.13602
0.15134
0.16632
0.16612
0.15751
0.16288
0.16183
0.15759
0.14998
0.14818
0.15381
0.16899
0.18468
0.20333
0.21754
0.23059
0.22496
0.17704
0.13858
0.13175
0.13212
0.10367
8.5278e-05
0.15933
0.20285
0.20279
0.20299
0.22218
0.23656
0.20654
0.18133
0.17704
0.1738
0.17815
0.1869
0.23443
0.26865
0.21538
0.17866
0.15634
0.13451
0.15893
0.16925
0.19756
0.23486
0.2495
0.24557
0.22249
0.2004
0.18605
0.17826
0.20535
0.22783
0.21536
0.20001
0.20268
0.21823
0.23466
0.25527
0.28477
0.29589
0.25197
0.19333
0.22133
0.25686
0.30697
0.32983
0.30294
0.23903
0.22314
0.22127
0.23153
0.24827
0.27744
0.28676
0.21706
0.11604
0.12283
0.13713
0.12317
0.11223
0.18565
0.20882
0.20561
0.1958
0.1904
0.18693
0.18014
0.17903
0.20029
0.22755
0.24796
0.25859
0.25973
0.23605
0.18721
0.15424
0.1614
0.18272
0.18838
0.19739
0.19196
0.18056
0.15933
0.13912
0.12127
0.095796
0.040138
8.5278e-05
0.11766
0.23014
0.2379
0.22499
0.20362
0.18267
0.23992
0.29955
0.23318
0.20836
0.21641
0.22684
0.21632
0.19316
0.17965
0.16672
0.17141
0.18838
0.20117
0.20757
0.2153
0.21382
0.21885
0.21388
0.1946
0.17789
0.17161
0.16859
0.16771
0.17491
0.18733
0.20211
0.089855
0.00014213
0.11928
0.18673
0.17448
0.15717
0.15799
0.17667
0.21874
0.25447
0.25706
0.24287
0.21737
0.17439
0.11874
0.063191
0.084965
0.1265
0.15398
0.16902
0.10228
0.00039796
0.092157
0.16538
0.20868
0.23355
0.24822
0.25211
0.23451
0.20285
0.18878
0.16558
0.092157
0.015521
0.0094374
0.014583
0.07351
0.16899
0.22107
0.23653
0.24139
0.24833
0.24048
0.21405
0.16612
0.1263
0.14747
0.20057
0.2033
0.20308
0.22829
0.24461
0.21277
0.15643
0.13025
0.11996
0.14801
0.19057
0.19773
0.19054
0.27943
0.30058
0.26584
0.23025
0.22087
0.21794
0.20208
0.16774
0.11726
0.073652
0.07965
0.098184
0.1087
0.11646
0.12078
0.11649
0.1164
0.10933
0.1118
0.08073
0.012735
0
0.00019898
0.1201
0.18022
0.20438
0.18437
0.17283
0.18122
0.19054
0.15532
8.5278e-05
0.10538
0.16137
0.19625
0.20916
0.19827
0.16746
0.15057
0.15305
0.17243
0.19256
0.20475
0.20941
0.19867
0.19068
0.19847
0.19895
0.18272
0.16328
0.15722
0.14907
0.11748
0.064669
0.12135
0.20103
0.20669
0.20228
0.21317
0.21513
0.20507
0.21229
0.2174
0.22698
0.22255
0.20072
0.17883
0.15265
0.11999
0.098752
0.10017
0.11692
0.15214
0.18756
0.20222
0.19628
0.17184
0.15367
0.19765
0.22508
0.23034
0.21908
0.15094
8.5278e-05
0.16581
0.20782
0.20791
0.20512
0.21047
0.21683
0.2188
0.21729
0.20728
0.20086
0.17923
0.18102
0.1921
0.20762
0.22195
0.22405
0.2242
0.21646
0.24387
0.24441
0.20544
0.17698
0.17704
0.18184
0.17567
0.17394
0.17724
0.1871
0.21564
0.25018
0.26223
0.27212
0.25265
0.23054
0.22022
0.21103
0.26104
0.26405
0.21877
0.16376
0.13863
0.14554
0.19304
0.22383
0.2153
0.19372
0.19279
0.21334
0.21297
0.21206
0.21996
0.22297
0.22781
0.2215
0.17101
2.8426e-05
0.052787
0.097246
0.15353
0.19878
0.23179
0.2516
0.28625
0.31257
0.015236
